0.839153 0.525042 1
0.829456 0.58321 1
0.762317 0.505204 1
0.794357 0.602454 1
0.777306 0.547985 1
0.806434 0.580838 1
0.862273 0.532212 1
0.772698 0.592637 1
0.857196 0.572439 1
0.784477 0.612589 1
0.77855 0.561047 1
0.816037 0.557866 1
0.818632 0.559717 1
0.805331 0.644108 1
0.752462 0.577437 1
0.775263 0.541515 1
0.76945 0.620692 1
0.77957 0.595427 1
0.770909 0.586439 1
0.80654 0.615049 1
0.823477 0.62859 1
0.784946 0.585263 1
0.808397 0.61011 1
0.813811 0.599859 1
0.794304 0.594222 1
0.781326 0.628208 1
0.772409 0.63795 1
0.75295 0.577561 1
0.778764 0.654315 1
0.790851 0.627811 1
0.779532 0.618588 1
0.790709 0.580325 1
0.784568 0.622562 1
0.802272 0.630478 1
0.762199 0.637953 1
0.776486 0.624004 1
0.786196 0.667128 1
0.766519 0.688619 1
0.72222 0.639083 1
0.787996 0.658256 1
0.786851 0.662563 1
0.771691 0.633864 1
0.759842 0.654315 1
0.756117 0.639093 1
0.716614 0.660955 1
0.799252 0.709285 1
0.784052 0.657447 1
0.730935 0.643191 1
0.717779 0.708475 1
0.749061 0.695363 1
0.779539 0.65541 1
0.782565 0.651044 1
0.772069 0.717444 1
0.777494 0.678001 1
0.805497 0.684541 1
0.700095 0.691365 1
0.76366 0.663897 1
0.746272 0.717297 1
0.723738 0.757065 1
0.765988 0.613655 1
0.742577 0.696027 1
0.776982 0.720224 1
0.708171 0.669741 1
0.711956 0.69804 1
0.748556 0.702173 1
0.707076 0.680748 1
0.735467 0.721599 1
0.71788 0.738486 1
0.760924 0.710352 1
0.739191 0.716335 1
0.711928 0.690416 1
0.703005 0.741907 1
0.708028 0.707161 1
0.78998 0.724581 1
0.714646 0.74807 1
0.708011 0.705351 1
0.706097 0.709857 1
0.75543 0.719789 1
0.655875 0.711736 1
0.739098 0.681704 1
0.682013 0.735554 1
0.693241 0.679119 1
0.719599 0.714487 1
0.669002 0.682598 1
0.707671 0.765095 1
0.690452 0.729787 1
0.648499 0.74274 1
0.693993 0.721605 1
0.703382 0.778185 1
0.702839 0.719522 1
0.664444 0.767226 1
0.678647 0.768274 1
0.695495 0.718888 1
0.690512 0.748484 1
0.660499 0.740319 1
0.631689 0.80086 1
0.675666 0.708443 1
0.674651 0.691563 1
0.707706 0.749225 1
0.613759 0.711582 1
0.647353 0.723736 1
0.668609 0.752064 1
0.650129 0.70386 1
0.711619 0.775604 1
0.637314 0.756715 1
0.574984 0.787335 1
0.665353 0.735866 1
0.59904 0.773141 1
0.678004 0.712681 1
0.648213 0.75394 1
0.623308 0.780854 1
0.601761 0.728111 1
0.684409 0.750553 1
0.635495 0.797316 1
0.609052 0.725053 1
0.600391 0.715558 1
0.613335 0.777128 1
0.653942 0.748634 1
0.671079 0.716506 1
0.612075 0.722872 1
0.621572 0.760196 1
0.615958 0.757249 1
0.554286 0.739417 1
0.605462 0.756868 1
0.583807 0.766929 1
0.583412 0.728036 1
0.589217 0.740309 1
0.504517 0.728038 1
0.566705 0.78988 1
0.608929 0.711166 1
0.587371 0.797762 1
0.565776 0.732026 1
0.568537 0.748808 1
0.543875 0.777314 1
0.55287 0.770409 1
0.553822 0.73769 1
0.563253 0.774215 1
0.584005 0.71176 1
0.56327 0.78816 1
0.55905 0.781061 1
0.533924 0.746306 1
0.585901 0.757338 1
0.561167 0.774048 1
0.568651 0.734241 1
0.555823 0.759815 1
0.571058 0.763418 1
0.589794 0.75328 1
0.529069 0.698795 1
0.555904 0.7306 1
0.557624 0.680612 1
0.53461 0.727609 1
0.58987 0.714574 1
0.500802 0.734529 1
0.513236 0.747843 1
0.527828 0.760503 1
0.52396 0.730361 1
0.514186 0.734884 1
0.504185 0.763074 1
0.541034 0.770543 1
0.512218 0.737108 1
0.487573 0.755327 1
0.560922 0.706474 1
0.534676 0.774794 1
0.549766 0.706168 1
0.502102 0.701824 1
0.558198 0.739765 1
0.526149 0.720405 1
0.442166 0.673487 1
0.456316 0.752096 1
0.509668 0.739291 1
0.486574 0.766501 1
0.483663 0.724528 1
0.518155 0.735417 1
0.534931 0.678284 1
0.493573 0.767145 1
0.483646 0.781013 1
0.545362 0.696913 1
0.475542 0.685968 1
0.460393 0.735249 1
0.454124 0.669597 1
0.447993 0.706649 1
0.470621 0.696358 1
0.440472 0.723539 1
0.408694 0.63799 1
0.42407 0.699051 1
0.473895 0.701474 1
0.49176 0.63873 1
0.493335 0.685322 1
0.524901 0.707165 1
0.421276 0.648198 1
0.493035 0.675629 1
0.452876 0.688674 1
0.434742 0.665209 1
0.434358 0.726179 1
0.472236 0.700143 1
0.463461 0.657754 1
0.38823 0.683103 1
0.471627 0.705037 1
0.464139 0.676618 1
0.430813 0.683859 1
0.407011 0.684408 1
0.411934 0.685232 1
0.396536 0.621302 1
0.430737 0.638589 1
0.419233 0.646198 1
0.420212 0.606737 1
0.434915 0.610462 1
0.418084 0.66109 1
0.374845 0.658955 1
0.406585 0.673738 1
0.407658 0.654764 1
0.370723 0.618574 1
0.447636 0.638874 1
0.354962 0.615603 1
0.431549 0.660853 1
0.408994 0.587237 1
0.405891 0.656062 1
0.435258 0.642923 1
0.405761 0.648861 1
0.407129 0.605987 1
0.386883 0.626925 1
0.44593 0.617434 1
0.441061 0.570983 1
0.43109 0.628486 1
0.425649 0.624843 1
0.430749 0.586886 1
0.429058 0.643984 1
0.419357 0.551425 1
0.425818 0.589635 1
0.384961 0.587819 1
0.406509 0.575703 1
0.421566 0.57476 1
0.382746 0.606726 1
0.40402 0.563571 1
0.397889 0.589395 1
0.440305 0.572113 1
0.416816 0.578548 1
0.435086 0.637897 1
0.420573 0.561193 1
0.431842 0.601533 1
0.398433 0.573618 1
0.404456 0.570937 1
0.381922 0.510422 1
0.412191 0.595629 1
0.49262 0.567144 1
0.403178 0.546988 1
0.398773 0.558631 1
0.42581 0.551736 1
0.353107 0.607464 1
0.433847 0.516795 1
0.574557 0.530651 2
0.616963 0.552878 2
0.608157 0.598117 2
0.597739 0.547711 2
0.57809 0.570826 2
0.611956 0.557573 2
0.63297 0.554068 2
0.619478 0.568634 2
0.640615 0.596255 2
0.556778 0.52946 2
0.598685 0.51385 2
0.557238 0.52569 2
0.600797 0.508506 2
0.613186 0.445793 2
0.573456 0.509193 2
0.634488 0.51525 2
0.581244 0.496776 2
0.613649 0.498815 2
0.58394 0.539972 2
0.571017 0.502932 2
0.571016 0.497138 2
0.548934 0.475781 2
0.637392 0.4765 2
0.517627 0.487794 2
0.551587 0.492273 2
0.529966 0.497716 2
0.5484 0.532748 2
0.504088 0.522032 2
0.605035 0.443073 2
0.587279 0.529352 2
0.554206 0.444766 2
0.545142 0.549157 2
0.543642 0.4757 2
0.573808 0.454273 2
0.520452 0.404522 2
0.59224 0.450962 2
0.576239 0.506919 2
0.567534 0.446042 2
0.596208 0.442679 2
0.585826 0.41461 2
0.563898 0.416594 2
0.57392 0.432278 2
0.567726 0.458282 2
0.551649 0.383472 2
0.60245 0.463236 2
0.603822 0.426674 2
0.568552 0.463146 2
0.534176 0.436812 2
0.528362 0.421606 2
0.569627 0.447931 2
0.55268 0.445983 2
0.534718 0.489581 2
0.561546 0.38781 2
0.520492 0.403822 2
0.564666 0.386237 2
0.505088 0.403913 2
0.477612 0.403952 2
0.543331 0.403989 2
0.518443 0.401302 2
0.592138 0.398218 2
0.585665 0.404596 2
0.524379 0.422759 2
0.511976 0.441548 2
0.5327 0.395435 2
0.527901 0.459475 2
0.577113 0.429127 2
0.523253 0.437849 2
0.567995 0.370192 2
0.567054 0.343114 2
0.603616 0.406153 2
0.514707 0.405085 2
0.50988 0.342181 2
0.572437 0.347071 2
0.498023 0.400693 2
0.463699 0.419733 2
0.518737 0.427863 2
0.529096 0.358184 2
0.501134 0.402456 2
0.49942 0.401355 2
0.466954 0.380603 2
0.557408 0.348672 2
0.509632 0.345784 2
0.485011 0.399851 2
0.511331 0.325917 2
0.522128 0.366302 2
0.463451 0.378163 2
0.499447 0.405564 2
0.475992 0.360854 2
0.537745 0.328736 2
0.490738 0.379861 2
0.449963 0.346768 2
0.478092 0.420649 2
0.492602 0.340282 2
0.539843 0.370474 2
0.475696 0.425669 2
0.489327 0.395102 2
0.505861 0.362083 2
0.482752 0.376106 2
0.439034 0.432983 2
0.457923 0.40212 2
0.440638 0.319478 2
0.479185 0.364131 2
0.501791 0.389824 2
0.452515 0.311152 2
0.482398 0.365208 2
0.427428 0.353882 2
0.450677 0.363989 2
0.438164 0.330626 2
0.489919 0.29944 2
0.447377 0.321579 2
0.45913 0.409531 2
0.423398 0.348956 2
0.412161 0.323897 2
0.440529 0.396104 2
0.401655 0.379294 2
0.382873 0.325534 2
0.412174 0.383379 2
0.466722 0.384192 2
0.404484 0.327449 2
0.420382 0.36667 2
0.393447 0.339195 2
0.347247 0.387716 2
0.40627 0.312236 2
0.454564 0.337779 2
0.391306 0.374628 2
0.364244 0.347618 2
0.366525 0.367327 2
0.404669 0.402224 2
0.378631 0.337401 2
0.41825 0.317442 2
0.37797 0.397342 2
0.321181 0.33754 2
0.368069 0.360429 2
0.40012 0.333672 2
0.407069 0.304348 2
0.412339 0.323305 2
0.401333 0.391435 2
0.401038 0.339989 2
0.423188 0.348343 2
0.409935 0.362286 2
0.36671 0.389056 2
0.344706 0.358822 2
0.34815 0.347024 2
0.375181 0.329764 2
0.387915 0.373412 2
0.341818 0.293898 2
0.392207 0.321948 2
0.32267 0.379968 2
0.328058 0.371995 2
0.328018 0.321025 2
0.317387 0.376211 2
0.36097 0.374985 2
0.326899 0.326202 2
0.385707 0.360437 2
0.327636 0.411542 2
0.38148 0.349591 2
0.250275 0.324918 2
0.331724 0.371083 2
0.327081 0.35052 2
0.374352 0.357597 2
0.321881 0.381725 2
0.365151 0.368865 2
0.366319 0.360185 2
0.288702 0.341823 2
0.269381 0.349341 2
0.32865 0.344445 2
0.276271 0.358224 2
0.293844 0.430451 2
0.279272 0.383348 2
0.2973 0.363748 2
0.310052 0.377729 2
0.311426 0.390288 2
0.292046 0.392599 2
0.257505 0.395294 2
0.258457 0.419889 2
0.290605 0.378323 2
0.214297 0.400784 2
0.242601 0.373089 2
0.228889 0.33742 2
0.264071 0.377597 2
0.286533 0.438884 2
0.341005 0.387322 2
0.268046 0.430254 2
0.234269 0.419314 2
0.25084 0.385027 2
0.276363 0.462053 2
0.291464 0.432586 2
0.24525 0.435214 2
0.257119 0.382623 2
0.291091 0.392298 2
0.260508 0.432922 2
0.254511 0.451362 2
0.240494 0.41644 2
0.237237 0.470472 2
0.278889 0.417183 2
0.229597 0.444482 2
0.242551 0.424984 2
0.2114 0.459664 2
0.258998 0.419015 2
0.246857 0.429887 2
0.251149 0.387599 2
0.235641 0.443954 2
0.212758 0.439634 2
0.23106 0.454859 2
0.19372 0.451253 2
0.220736 0.423135 2
0.298786 0.465261 2
0.278443 0.525786 2
0.253037 0.430395 2
0.238903 0.479781 2
0.235043 0.428951 2
0.250151 0.424738 2
0.257239 0.477916 2
0.189324 0.463899 2
0.213156 0.491372 2
0.217023 0.461734 2
0.200165 0.43446 2
0.186003 0.46607 2
0.253031 0.472118 2
0.233969 0.495026 2
0.185708 0.442676 2
0.180576 0.426041 2
0.224128 0.497456 2
0.189832 0.462762 2
0.173763 0.473712 2
0.201532 0.507333 2
0.182888 0.493767 2
0.233023 0.500569 2
0.276066 0.533564 2
0.155205 0.532433 2
0.230754 0.502993 2
0.217727 0.489371 2
0.179234 0.471951 2
0.232847 0.519688 2
0.176863 0.582064 2
0.146595 0.546546 2
0.168942 0.52435 2
0.219597 0.487137 2
0.214202 0.485775 2
0.231644 0.509132 2
0.215991 0.415253 2
0.238812 0.542529 2
0.140623 0.569804 2
0.191429 0.538312 2
0.189495 0.527679 2
0.198514 0.580578 2
0.232156 0.52966 2
0.17977 0.527613 2
0.207589 0.575276 2
0.14268 0.550165 2
